006040900547060003000008000029300040000020000050006780000100000600080175005070300
006040900547060003000008000029300040000020000050006780000100000600080175005070300
800000000003600000070090200050007000000045700000100030001000068008500010090000400
800000000003600000070090200050007000000045700000100030001000068008500010090000400
800000000003600000070090200050007000000045700000100030001000068008500010090000400
800000000003600000070090200050007000000045700000100030001000068008500010090000400
800000000003600000070090200050007000000045700000100030001000068008500010090000400
800000000003600000070090200050007000000045700000100030001000068008500010090000400
800000000003600000070090200050007000000045700000100030001000068008500010090000400
800000000003600000070090200050007000000045700000100030001000068008500010090000400
