040009530930804000065200080002047050000000000370000060000075200000308670000020000
248769531931854726765213984812647359456932817379581462693175248124398675587426193
248769531931854726765213984812647359456932817379581462693175248124398675587426193
005000260000100003000030070180060027506702000003000050000209781000080000000301000
800903000096041000005000100500000070007310050089057406000000040000060000000008097
030160005000953704000700000010300000027094000309070600140000000062000000003000900
000010092001408300000000800000000100003002080000300004008070920900501403704000000
000040600560701008200600000807520010000000000659078400470000800902080000000060000
034009205060200340050070009570000000003605000000000020008030000000048600040700003
067403800000000000080000040900500710030070000508040390000000000005090006090608005
000050800003700200600800009000000500407000000258000030070029000520030900309000040
400016503200007004000804010500300000030000086064701000003000001000000600000050700
004000000009201870710800600000080000000026100201009005000000004407060000800000060
000013000000600403060507090109008300400000000057000010034000800900000000000000950
100050000300002000000100480407000000000006700500480006000020015001073200800000003
020790000003000000400060090000004700005930000780000000090002007004000050270340009
090000040000002006000400798005100604040000005000000820060907001007005060580004900
000860200060750108000024530004600000030407000700000600050340000200000700006000002
090000000008000046000300910082010000400680090700000300060000004007400000004000138
000710000000000060870045001600480000100063000000000004018000037045000010000032040
840000920006000000020004300500000010900280650000400000605109043001000000430000000
700000030040000001000000564000000007001003090070090086500800000013600009604005013
004073001106400000290500040703000090000040107510020000000010000600000005000600020
500732000009010000060000000010070008703059010200000900000387200000095703000000800
002050003400000000600890500000005900005000024000900806304000600006000497500007000
002900000409000106070004800000045280700090010000800000028000050010000004900010000
400900000039010000000003060040000006708051000500000000001590830000008000800300047
002000000050800260300400090804000503000900000520000000060004010008020000109603020
300000200000015090420090160000000009000869500000530040000050430002600050000902800
000000000035904001000010803200100000900003500000028900000600025120009008000480000
001300690600800000000059000075000000310000005000000308120700030500010906000002000
100090506040030908006004013000000030004060085000007600610050000500049000030800000
000000001000080250064010080300640009002001608000902030000000064010060800200000005
000361000000005003000000029700900000000003702130600590000400010062070050900030040
002083007064000003005900020000009072030060800009820500050000000900007000000600000
000025706000000020004007000403000005009603001060040300250370600000006000900050007
000708010060003000003006702004000200002390000610000000027800190300470000000009000
000040000001009408095280000000002005002800600700000901000490070000000000000001562
009504007240100600600008100090000000570002000002800000010407020000680400060010008
062000170003004080000060200804003000036708000000000040000080001040005300070001060
000908042800006000000500076609200750100000000000000000400809520090060007710050090
060000900871300000004020008007002090309000080200000706000607010000000003008004200
160000000075030080092100705009210670008050090000003000007000861000080050000000009
005104060000020000000000000003000800400070100061800007010036420004000000076001508
290050010306201054004006900005000002100000000629007500000300000400002700930000000
000600040004805362000040508200300000006070830700000000000506700030980024000200003
000000000257800309819300700000620900930000200000000010100000020008007000500003060
000080200200710009000900070061470000009020004000306100002000008007094602000007000
000060400100008070400005060001002030000040200043000500006000010312700000800000006
000000000000004730908000020200407000690000200800060057530000962460903000000000005
090048350000000902000006048000080004000000230460530090080005100005020009000900003
000037000094008056700000900000000080000000107157000003068000000400609500000800400
000000102501400070026003008300800700002007000000200850000560000730080000204000000
000023000000500908200001405940000700700008000300002080000304100000010050030007000
090080001000600020600400009000009107560000000007000005719000000205007094040000000
900700003000100596008050000005300080701000609802610300000002105009000020000000000
600010000090002070008000400084000109132000008000004002001000600007200094309000000
009000080030000002080000050054009000690280300000004000100008006000001020002600094
000050060000001200100000030040820000720003150603040002000000000050604800800000503
904000102020000000608000000090000000100004005082000046050790084040005060700081000
900200006020064070000800050000000000800970000007600000000709064670350000002000530
030005000700080601009200500000100002600800000000003700000002000060570000082900010
000305060000976000073004020004003500720400016050600400000002000040000003000000207
490800503800000060005409000001030000050000309004006000000102006109080000002000005
020060009300051008000002000000030000903610050500008000109400000000090085804006000
700900600340500010062107040000000020000004000021000069970601430000000000000405000
300000000000800000280901000000008010040300205170004900000509004400002309010080700
500000000103000057002010000700100009020740030030050000905006071000000042006004005
000008930400053000007009502000700009600000040000002370800000000004005023002340095
070030028000204600006700190003000700000367809600001000230400017000000000000000384
000081000006005034030000200053060401000900003020000650000800000010000500089000062
947002500000007000081000000302090004000301907010020080004000090503009010800500000
060001030009000017052000000090005060000360028000100390200907003006000000907020000
000035004000807060000090000008040090000000005090000706305004029760900300800053000
070000005069400100204090000000000070792056000010000000050000060001300000020019007
040000780000807000000000301600900010010340800004000920000030000109600070008400200
072001006000205100600400000080000002004009560500010004800000429000000000951000608
010000708000600400002708160000000000056000000079406000020800600098000504100004027
090760000000802000060019070003180702000007043002000680078000060000003000036000000
001009753700000006003040020310002005002706040000010090000060030000000902900003500
604003905000000410050000003900400000806005209000800004230000000069308500000000008
000000094300000006000020000000090050030210460010004203620043100000060000900000007
008010705001073200030000000610500002024000000000802070000041500000080000000605100
000480000600000000300000065000100000500900400030000002460509001002001000013604200
903004000070000209000000000702450300014070080008010000300091702100300000000740800
000034600000000002000100000200050900100000720703690401300067090007900204001300006
004000678810000000006000200090020180000903000100060309382000000000000000700308006
000009000609000802000007004700050060080900000006020180002008479000000000040000526
070000000408300200000000008000000040730021000200090100004805070900003000500009410
700000803010000000092400750041350009000008000200000500009000040000930000800040035
028000000000009040901005000000000004407803050053100800000000031004000000070238009
000001506090000030000020490108005000923060000000000002400010000200800900600300048
380002040001000000000030210647090001003710000000026009000000006002000430916000000
005000300700600908300700600050020000070800090003000780201050060000000100086200000
000280040090005002605000000000038900000000000080004000002000500030000800800160230
008300000400007008000000093010000006302000407000000020200800300807600014046000002
007000000000035060090008000108900600070000000300006700020000053001050280000080097
000184509000009000000600000060801000500070104000200060000000072042008600150000908
002000000704002900090004021076000000009031046000000010060700002941005060000040090
100000400000090006008200000000600108010050040040807052602401000000008009000960000
010000020970000000806030000700009200000008030090070640400900180000200000683400000
000080000210507000098431000000310900000804027000000154000008012004709000070000400
000008000000706408000490502400000000591000000078002005740000000006050007080007060
