000800005035000708004000903000600030090507842780042000309480270400070006260039500
070090000400100000006000000080460000060910070005208090000040010900850020200000700
006000020510900860000000400034000650209000180000000304023100000060080500000360040
083200670000000100010083040006830004020010705004075006060000000500006000000000000
000045000200000000800000000006009500915080430000030206000000100004300020600002905
000600009900800020000000300200010006071000090059087003000000000530090072008001605
300000500009708300800109600000006040000000000000807016043085000005400000080091000
000000501480201070000609048207400080005060100109000700000000000500002000700800000
600057000403020000008000004000000062000003000000000030200030600746000500500010080
900085002010200009007000010000000000000060107005000896000059260009700030000020005
090000006604000830002000040000003000180500002020608009900000060058090000301400000
001090007000301006008650130900000005000080302820073600000820000605900000000000050
790000000010025890032009100600703020125000000900000600000010200000000050200060300
900000070030000400700002913010900504300000026020600000450030007000010000100000230
200040090409000200000000003003060071000010000820700000900000080000020740040107302
004069007500000060007000010006005000102040090400007500009000070230000001600000029
590210003010040000000006074000000900000000000200000016600900001002354700003000405
000495000300170040000000001050600400000718930000000000760500813000060000400800750
002040600600053090008900070050030809000000405000000000004260000000008203000000546
260304905000100000030090000009046000000200410300800000403560100050032000800900000
160020370000000005205403091000200710010574002000900000004000007600300040000000900
040008030500060000020401006070000604000005721000000050000083140000000000030207085
040000030250000000008000000500200601680000000000003580070600020001040803030020004
007000000009000000060800000010046057004000006006001090038000015501084760000500904
016008020030002070900703000570306000062000083000800000100500009200007005000000000
800709200009001030150002040000000005000000300300000100520070800900038002000205019
530107900074090000000000300600004000000000030092000000000500260000060103406032790
300800501900060008000005470000000015000001340580003007000000600000040080600007000
068071003052400000000000000000000051410000200007005830004010008003000762080000010
307905008905340010000001000000034000000007005000080000030700960090000051004800073
400000000000006019030000006000569000000000000305700960680010503010080790050903000
000000045807030900400006780000800000090050003000007000100040800000300001053070009
000061300030520074090704000000400000070000050005010620029000040060000001007000090
401200070000000600503060010000500000010000204020000700259013000030705000000020400
069000000301620000004390050000040000703900000240003000000007300010002560007100002
003002070600000810001403000160000005004000000578620400030500080000000542000000006
307090540600100030100307096400700315000000000000465008000604000708003000000008000
000095006000040020002601005800000057910000000000086001000000800007029004000754010
800000060000010040256000300000000030080090410605000000008009000302085000460001200
450003209039002000602000000000000000006509000084000000091305602000410500005200308
000004000002180700700000004004006000003000042080705030000003100000060587100000000
001300086803600700009000051610084070050001000000500000000870000340000000000000090
607000050000001093390040600500407230402000000001032060000090000000100000000624010
030870001506000200000000047003000000280040000010080070051000002720010465000000080
020500690000092030073600085004000000000058040390206700260000000008000000000009004
081500000320401006040008300000000060000070004000000002730250010002063000006000080
000030050856002000000700000000013280100004075380207000420000000007840000063000000
010000090640890005090002800082500060500004007004001000000007000000900200000000504
000000000046010002701306904062700050300009700500043200190000000600000400020000000
090000000760003409000020100040000028000280901000904730030710200000000000081000000
000100500500082030270500008913000080804035027000000009100040000302090000000000000
060005910040260003300104000207000000006791050000400000000900020715000000003050000
097020530560700090400300607000000009620000300000917006000640000000000000000100740
006007800300200009290030650009820000050000000080050000000070100800300200510000073
100702050020009004060840000700001092005200400000064500000000080002000000000900070
000080020000600000000000600003409060005000300078200000900006005007008400820904007
000080036600009700500004080900000000001007000486000000000000500000310008730040069
000564203230001700500700008001006080000080300000452001000000400080610005000200000
078900600006000402200081950060007294000000060415000800000706000007090000000020000
130400005400800073000500060000000000200000730000070800704100200800600000625080040
100000007000000006058100300700000004083000005060800002010600040027480000600050000
050080020321900400600000005000020008040000000010000000400890300900410500030265000
000094002000600010280170900007369000600010800001400230000000604090000000000000001
073000860001000040900010003004030080100000204009000000200090030060000007008700406
000307090000000705900500004309700080705060003480010060500000000006084000000100000
009500036000070000430000000000000423000061000070000009000010060090053074010490005
000208000426030000000014000900020000080000000601093042005041000300050021069000050
000000507100700600600049008000008000905000000000026080890450002072000054000087006
700030208030025010060900007670000009500180000093000500020000000000600030100000006
000000000070000000080053400748000090050009030390608000530700900000006000600410008
090306000000010300050907010000000002007000600000090803000080900670509001800000025
008900000630508000000061000009005000100389600700000000800450003405000100093100000
760205089000043000000060050507000026002098037000000005000400000000006000328000400
000045002051803600009020008012500000600000904904000300000050000000006800003008000
000039000000000050700000000905700840002060700870020009690004008004002600030050090
720053000096010072001000600000009704000000025000000100000007560005090003000400900
000300001400006090706900000030069007000007482000802000000000020602000179900000004
000068002001204706009000500600071000820400000047050000000000080010927000050000000
060800010081200000000000802020034060600000090958000140300000056090000000014000020
080350007450800030700100000000000800000000002031020065802000043300000701070000050
105000600007000003000001080300209100060108000008700050000000000000607290000903860
000004803360900700080600020400203050602409000900708030040000600000300070000000090
500620030000800200009000850600000702050000080003000090061000003030000900008002070
000000907000000040000290680006731004000060000010400790000000800001004002920080030
000008500005049070000000908006100340400600007103007800000000100604010003000000009
230000050000003000104600000000300060002800100786000030010000980500400300403000210
053170820000000060700800001407053010080600200005020004800000000000000500002300000
041670008000309007000010000000065000070000164000900000000806000860750003109000070
200050910040010608910867004800040000000000060000200000005408020080170005100000040
015000000300000000027000100000060001700009023090025700003156002051803007080070000
000000009040390000000801300018700000000100570500000406400009700070030060000605900
009400100000800004002059308030010000000208000000000000300025041800100005007000090
290803600300000000807090400064030098000020500020067040000000006000000000000005803
000000009000700083007040000803060000900008402620001000000000176300000004008100900
709010020000000000004000090026000040080270003940600080100906037000840010000000600
192000000530000080600000000005100640000840930000005200200900060060000300019000020
007004010001900820060080509006401000000000482090020000000000090000710045600000007
000710080090000002001004056908540160000107000000000000000005000109820604400090000
006410000000508010000026080200000050631000004804900000012030000000600040309050000
704580060000000003500293080090307200002040859006000700040700000000000000080002600
900000005074060000083007000008000000460003007000009006002805400000700090309026050
