000000084500042600004000020040063700000001003630957200050009006320800109009500800
738201500006500000100900600250000030007000000080106000000008000001700205000300900
800000100000070000900000258000500009000000010001700030030190600020600800170000020
000790000006000420405020900000508090008460270000000003000300040000840506000007000
304100000095060000000000907000058300400090070500306090008003001000000006706004000
008067015002010800051000002000001000090700000000008000075004026600000040400002078
300009040052400000000500210000304000035000000107690000049206100001000060600901000
005004000030080020200007960009000700000408009070009050623000800080000000000002604
650000240203000001071000600000007520030000004700020160305000000009005000040100006
250706008004000500380012000020008300000400700000103800670030000000604000000000206
000000002840050000700090010000000030020004098000001040307000001000305000081002005
600005001000000870000004200000090000006000128540080700100006900400908006700100000
007030180000000007060090000010560000008000540096000008409000060800000001030980050
010006037034070008200080040000000000500020000078000000040000080100060005005701003
260080030005000010038700000006070003000100008100500604002430000603010000850000000
000800000071000000004002708000061007006004030507030000000047520600350004000000000
003905400005000000090600200000007000000400037700060950800092000037080000420000003
500030280701900000000000030000201000800050040000007000000149075000073402000800000
040050209700000060830006000000079002008000000000020607306004000020000050490000000
070000001001506009600080200007001003000900170200000000560000918000000300030008605
309000061056200070700906000000003009070000030000095000000800720000000000005700086
007000090000000000910000000504200001000600000000040057302060005490150200070320000
800070050401009000000530900047000020900000000000240000100000034000108700090020010
080003000703000000005460008000200600000300000600000501831004060060008405040000070
300000608007000001002000970700600002065001000000003000009100000050020760000070039
000300000740691000900000080071040000203006007090002000104020800000100020000080700
004701005002040000005060000000000809089200107400890000600000001008005000700080060
009000000600005000000037000905200030410000602020400905000100300002000009001074500
600008307000703400000040009010050000000006004000030780008000601009000050005001000
002000138000029000000100000000900006000000380010278000200007000009040602087630900
400001800200000000060004037100000000000018709000629000602400000700000920000000380
020005000000072003000630900570300018001000059800010000000700002003050090700109005
007021930020000605900030700100005200050070010000600089600007002800009000030000000
400007016081040000050000000942000008000000760000008104000009041509000080070810000
200006000000000039000000002000504001800010050016008024020000905008400310301005000
876003000100008000040700039900000401000000308000000000080014090600080100002607003
096000000470005600100000005003000001600400000050000240000000029300940000000603470
000000002040000000002100085300807001060405000000006307000500016100000050003080200
000004000703502000000003620002700008900006040000000007080020006005300290000600004
064900051003002000000000043008420100600003900405008000050000000000650002900000000
000400000870000030900003100006028010000006003000104090302071640060009000000200000
049000815000501000000400060016000000705300000080010009000003900000000500000146087
000500600960200030000400007015000000000070204006030000100700000093000000750000012
403000090020087600008060000100003000000000480000100700070090000200001073004000200
000100605005002009300000710100030070020500000000000380001006090060090008970000000
030806000008100029009040700100000096702000010003604002000070000000030001001900000
564907000801006050000000000097000000130800700400000609600005800008490310000700000
000000013704000900080003620908100000000030180000040000040000200209001076000090000
269830000100500000305410260000000040000000300400390120046120030000080014900000000
000120005007450080800000020030049000700000090500003701104200000000300000000080000
950040000070030000103570000006001920200000075741000300029600000000010400600000000
090450800020010095630900200000020450002690000080000000000260048000508020000000006
000430600000000800080000273602750000800024000001006007160000000000001000007500360
700000000950060000000000080400800007829600400000010060540000870010405900607000005
002000000000000897000000503000500034005001700390007000501000080008050300020900105
020600001360400002540000600600009700200000010000000293000000000700001059000005300
000601002052400061000030700310040020870020503000080070000007000706300010020000000
700008200403920000002060580307090000200000000000040009000800305800070000000000960
001000005209000600080000300000200060000098010500003000700020000006309700008100002
004080100205000800007305049000900030000000098901008450000000000000001304003790012
000009000010000006000005002100500700004700000098016000020004100000950807080201490
040906000001080900000000000050070398007090040000005700709001003610730804000800000
003000000091060000700005000060010830500000004000000000030040060905008400800170500
026000003001408050000062001052000084000800005840600300200091000000300006500040000
000007040004000890300601000003510060100704050000030000540000680600809000000000015
000020300200600100008000050510090480900000000340060000030001000050080090000003000
008030560031008000500004008020040000000000120807005000100000036000003750360000802
009000160508600000060020080000410620100000090080009000415007000000000000790806000
100008905002000000000004000625070800007100000801000000000497060000060410008501070
860000000009536000000100020000002900000400000103650802692015003000040000500203000
100002600000903000020080007060000900841030000207000000000007380008010070000006190
006000000200806000005049008030090800000310500009000020680000400301020600000000010
803200500100000007060780000002004310000000425006000000000068000000405103000000070
103000007006000030000007060307000000602090004010006820000002009090040301000070400
005008009060070400208040100000000000000560718000007520000010070000000600090400005
000060050000800001000905804006300000890000040000028600030104080000000309900603010
010000902040060080950300000090000000001059020402000300300008010500040060009000000
905008007000600000000037206802000000010850003750200001030010000000000080100900000
080000907060001030000309000000003000000060200043020000900000470070048006600100080
008100530020304600030600001000068000081005004260040058070000000000000020004010000
014802000030000020200091030009016048000008006078004900000060390000000000002000004
000000040001000900060000100000010084218500000004670000047200618500090070000007020
000600045510000800030000260040060003000005008000910400000020006105800030089000000
700600400000003080000000302008079010602008000000206000000000904000001020080430600
000000056000200000000041200070008400000060000000724000401800005680000301002070060
008400170000100096070090030039000000004038000000000000000050000081004300507019480
003010090000030068100500040400000001300000800020000050609300000800049006004600530
050900070069000030070002064006050300002004000090200010040000500000100000100000400
000000000000000002720030004082005060405000070100080000010300050000450600000026083
000000001240010070000690004610450000004006100000000300103000000700000500026900000
790000040050000100041050390009700800000090003000000050430001006100600904000008030
007000004000900003008000060002000700010690008040080000200010070003002000974003000
000608001000050000400000500260100050804060307370400200000020000001000004008030000
000900008400001030050073040004000000500600009379400001605000080048000710000000006
000930700790000005006050024000341002030000000002090000000000000524710003000406000
000390020000000000000620000905080007003076080002500610706100008009003005008060200
000097000900000001000050028070500012002014790040002000005840000208030050300000000
510040038000000500790830000007002310800000000050000090020000900000000080481000007
000030087100070600000400005090600400300758001006003058007000000000080006000009000
607040100000060974050120360000200000740590000500000020496050000305400000000300000